HORIZONTAL;;;;;;;;VERTICAL;;;;;
Start Chainage;Finish Chainage;Station Centre Line;Station  number;Length of element (m);Radius (m);Speed (Km/h);;Start Chainage;Finish Chaiange;Length of element (m);Radius (m);Gradient    (%);
0;;;%T2.1;299;INFINITY;80;;0;241;241;INFINITY;0.000;
156;231;193;ICB;;;;;241;291;50;-1000;-;
;299;;;;;80;;291;422;131;INFINITY;-5.026;
299;344;;;45;TRANS;;;422;511;89;1000;-;
344;370;;;27;-505;70;;511;750;239;INFINITY;3.875;
370;415;;;45;TRANS;;;750;771;21;;-;
415;517;;;101;INFINITY;80;;771;849;78;INFINITY;2.434;
517;569;;;52;TRANS;;;849;919;70;-5000;-;
569;617;;;49;-305;75;;919;1138;219;INFINITY;1.036;
617;669;;;52;TRANS;;;1138;1158;20;;-;
669;701;;;31;INFINITY;80;;1158;1326;168;INFINITY;0.000;
701;741;;;40;TRANS;;;1326;1379;53;1000;-;
741;794;;;54;-505;80;;1379;1679;300;INFINITY;5.344;
794;834;;;40;TRANS;;;1679;1732;53;-1000;-;
834;934;;;99;INFINITY;80;;1732;1848;116;INFINITY;0.000;
934;974;;;40;TRANS;;;1848;1868;20;;-;
974;1071;;;97;505;80;;1868;1952;84;INFINITY;-1.242;
1071;1111;;;40;TRANS;;;1952;2007;55;-1500;-;
1111;;;;465;INFINITY;80;;2007;2182;175;INFINITY;-4.898;
1176;1251;1213;B1;;;;;2182;2242;60;1500;-;
;1576;;;;;80;;2242;2369;127;INFINITY;-0.861;
1576;1608;;;32;TRANS;;;2369;2389;20;;-;
1608;1660;;;52;-1005;80;;2389;2581;192;INFINITY;0.000;
1660;1692;;;32;TRANS;;;2581;2619;38;1000;-;
1692;;;;193;INFINITY;80;;2619;2707;88;INFINITY;3.729;
1751;1826;1788;B2;;;;;2707;2744;37;-1000;-;
;1885;;;;;80;;2744;2807;63;INFINITY;0.000;
1885;1949;;;64;TRANS;;;2807;2909;102;-2000;-;
1949;2012;;;63;-505;80;;2909;3340;431;INFINITY;-5.082;
2012;2076;;;64;TRANS;;;3340;3442;102;2000;-;
2076;2142;;;66;INFINITY;80;;3442;3570;128;INFINITY;0.000;
2142;2177;;;35;TRANS;;;3570;3635;65;-2000;-;
2177;2251;;;74;106;40;;3635;3656;21;INFINITY;-3.264;
2251;2301;;;50;TRANS;;;3656;3721;65;2000;-;
2301;2318;;;17;INFINITY;80;;3721;3839;118;INFINITY;0.000;
2318;2366;;;48;TRANS;;;3839;3862;23;;-;
2366;2393;;;27;-75;35;;3862;3883;21;INFINITY;2.333;
2393;2441;;;48;TRANS;;;3883;3907;24;;-;
2441;;;;92;INFINITY;80;;3907;4125;218;INFINITY;0.000;
2449;2524;2486;B3;;;;;4125;4190;65;1000;-;
;2532;;;;;80;;4190;4893;703;INFINITY;6.547;
2532;2582;;;50;TRANS;;;4893;5024;131;-2000;-;
2582;2614;;;32;109.615;40;;5024;5149;125;INFINITY;0.000;
2614;2670;;;56;TRANS;;;5149;5177;28;;-;
2670;2690;;;20;TRANS;;;5177;5855;678;INFINITY;-1.415;
2690;2751;;;60;-305;40;;5855;5875;20;;-;
2751;2771;;;20;TRANS;;;5875;6645;770;INFINITY;-1.796;
2771;2878;;;107;INFINITY;80;;6645;6735;90;5000;-;
2878;2918;;;40;TRANS;;;6735;7059;324;INFINITY;0.000;
2918;2967;;;50;-55;30;;7059;7126;67;-2000;-;
2967;2996;;;29;TRANS;;;7126;7397;271;INFINITY;-3.362;
2996;3020;;;24;TRANS;;;7397;7565;168;5000;-;
3020;3041;;;21;86;30;;7565;7809;244;INFINITY;0.000;
3041;3065;;;24;TRANS;;;7809;7856;47;5000;-;
3065;3180;;;115;INFINITY;80;;7856;8072;216;INFINITY;0.937;
3180;3220;;;40;TRANS;;;8072;8119;47;-5000;-;
3220;3240;;;20;55;30;;8119;8234;115;INFINITY;0.000;
3240;3280;;;40;TRANS;;;8234;8322;88;-2000;-;
3280;3296;;;16;TRANS;;;8322;8435;113;INFINITY;-4.417;
3296;3410;;;114;-375.998;45;;8435;8524;89;2000;-;
3410;3426;;;16;TRANS;;;8524;9018;494;INFINITY;0.000;
3426;;;;143;INFINITY;80;;9018;9076;59;2000;-;
3472;3547;3509;B4;;;;;9076;9165;89;INFINITY;2.930;
;3569;;;;;80;;9165;9224;59;-2000;-;
3569;3665;;;97;-1005;45;;9224;10203;979;INFINITY;0.000;
3665;;;;351;INFINITY;80;;10203;10264;61;2000;-;
3926;4001;3963;IC4;;;;;10264;10329;65;INFINITY;3.046;
;4017;;;;;80;;10329;10390;61;-2000;-;
4017;4049;;;32;TRANS;;;10390;10620;230;INFINITY;0.000;
4049;4085;;;36;-169.271;45;;;;;;;
4085;4117;;;32;TRANS;;;;;;;;
4117;4790;;;673;INFINITY;80;;;;;;;
4790;4822;;;32;TRANS;;;;;;;;
4822;4874;;;52;100;35;;;;;;;
4874;4926;;;52;TRANS;;;;;;;;
4926;4947;;;22;INFINITY;80;;;;;;;
4947;4982;;;35;TRANS;;;;;;;;
4982;5000;;;18;-75;35;;;;;;;
5000;5035;;;35;TRANS;;;;;;;;
5035;;;;103;INFINITY;80;;;;;;;
5051;5126;5088;A4;;;;;;;;;;
;5139;;;;;80;;;;;;;
5139;5174;;;35;TRANS;;;;;;;;
5174;5278;;;105;505;60;;;;;;;
5278;5313;;;35;TRANS;;;;;;;;
5313;5406;;;93;INFINITY;80;;;;;;;
5406;5441;;;35;TRANS;;;;;;;;
5441;5477;;;36;-150;50;;;;;;;
5477;5512;;;35;TRANS;;;;;;;;
5512;5532;;;20;INFINITY;80;;;;;;;
5532;5564;;;32;TRANS;;;;;;;;
5564;5585;;;22;-185;50;;;;;;;
5585;5613;;;28;TRANS;;;;;;;;
5613;5877;;;264;-2400;55;;;;;;;
5877;5917;;;40;INFINITY;80;;;;;;;
5917;5964;;;47;TRANS;;;;;;;;
5964;5998;;;34;205;65;;;;;;;
5998;6045;;;47;TRANS;;;;;;;;
6045;6086;;;41;INFINITY;80;;;;;;;
6086;6147;;;61;TRANS;;;;;;;;
6147;6189;;;42;-405;80;;;;;;;
6189;6250;;;61;TRANS;;;;;;;;
6250;6605;;;354;INFINITY;80;;;;;;;
6605;6675;;;71;-3150;80;;;;;;;
6675;;;;377;INFINITY;80;;;;;;;
6956;7031;6993;A3;;;;;;;;;;
;7053;;;;;80;;;;;;;
7053;7163;;;110;3150;80;;;;;;;
7163;7401;;;238;INFINITY;80;;;;;;;
7401;7503;;;101;-3150;80;;;;;;;
7503;7655;;;152;INFINITY;80;;;;;;;
7655;7713;;;58;TRANS;;;;;;;;
7713;7935;;;222;575;80;;;;;;;
7935;7993;;;58;TRANS;;;;;;;;
7993;;;;241;INFINITY;80;;;;;;;
8137;8212;8174;A2;;;;;;;;;;
;8234;;;;;80;;;;;;;
8234;8276;;;42;TRANS;;;;;;;;
8276;8421;;;145;755;80;;;;;;;
8421;8463;;;42;TRANS;;;;;;;;
8463;9225;;;762;INFINITY;80;;;;;;;
9225;9263;;;38;3150;80;;;;;;;
9263;;;;237;INFINITY;80;;;;;;;
9283;9358;9320;A1;;;;;;;;;;
;9500;;;;;80;;;;;;;
9500;9532;;;32;TRANS;;;;;;;;
9532;9620;;;88;-1005;80;;;;;;;
9620;9652;;;32;TRANS;;;;;;;;
9652;9657;;;5;INFINITY;80;;;;;;;
9657;9681;;;24;TRANS;;;;;;;;
9681;9968;;;287;-1505;80;;;;;;;
9968;9992;;;24;TRANS;;;;;;;;
9992;;;;628;INFINITY;80;;;;;;;
10395;10470;10432;ICA;;;;;;;;;;
;10620;;%T2.2;;;80;;;;;;;
