HORIZONTAL;;;;;;;;VERTICAL;;;;;;
Start Chainage;Finish Chainage;Station Centre Line;Station  number;Length of element (m);Radius (m);Speed (Km/h);;Start Chainage;Finish Chaiange;Length of element (m);Radius (m);Gradient    (%);;
0;;;T1.1;385;INFINITY;80;;0;248;100;INFINITY;0.000;;
150.0;225.0;39.0;IC1;;;;;248;283;34;-2000;-;;
;533;;;;;80;;283;482;200;INFINITY;-1.714;;
533;577;;;44;TRANS;;;482;517;34;2000;-;;
577;603;;;25;165;50;;517;810;293;INFINITY;0.000;;
603;647;;;44;TRANS;;;810;902;92;2000;-;;
647;700;;;53;INFINITY;80;;902;922;20;INFINITY;4.590;;
700;725;;;25;TRANS;;;922;1014;92;-2000;-;;
725;752;;;28;-405;50;;1014;1148;135;INFINITY;0.000;;
752;777;;;25;TRANS;;;1148;1190;41;-2000;-;;
777;;;;729;INFINITY;80;;1190;1211;21;INFINITY;-2.066;;
1044.0;1119.0;933.0;1.1;;;;;1211;1285;74;2000;-;;
;1507;;;;;80;;1285;1555;271;INFINITY;1.635;;
1507;1540;;;33;10000;80;;1555;1575;20;;-;;
1540;2154;;;614;INFINITY;80;;1575;2220;645;INFINITY;1.184;;
2154;2209;;;55;4000;80;;2220;2278;57;-2000;-;;
2209;2532;;;323;INFINITY;80;;2278;2683;406;INFINITY;-1.685;;
2532;2592;;;60;-4000;80;;2683;2854;171;2000;-;;
2592;;;;553;INFINITY;80;;2854;2881;27;INFINITY;6.864;;
3050.0;3125.0;2939;IC2;;;;;2881;3018;137;-2000;-;;
;3145;;;;;80;;3018;3154;135;INFINITY;0.000;;
3145;3205;;;60;TRANS;;;3154;3324;171;-2000;-;;
3205;3247;;;42;125;50;;3324;3352;27;INFINITY;-8.544;;
3247;3307;;;60;TRANS;;;3352;3522;171;2000;-;;
3307;3402;;;95;INFINITY;80;;3522;3731;208;INFINITY;0.000;;
3402;3422;;;20;TRANS;;;3731;3867;137;2000;-;;
3422;3459;;;38;405;50;;3867;3892;24;INFINITY;6.836;;
3459;3479;;;20;TRANS;;;3892;4028;137;-2000;-;;
3479;3518;;;38;INFINITY;80;;4028;4174;145;INFINITY;0.000;;
3518;3550;;;32;TRANS;;;4174;4303;129;-2000;-;;
3550;3603;;;53;-1005;80;;4303;4573;270;INFINITY;-6.447;;
3603;3635;;;32;TRANS;;;4573;4668;96;2000;-;;
3635;3840;;;205;INFINITY;80;;4668;4744;76;INFINITY;-1.666;;
3840;3969;;;129;-4000;80;;4744;4802;58;2000;-;;
3969;;;;200;INFINITY;80;;4802;4939;137;INFINITY;1.222;;
4071.0;4146.0;3960;2.1;;;;;4939;5027;88;-2000;-;;
;4169;;;;;80;;5027;5142;114;INFINITY;-3.188;;
4169;4224;;;55;TRANS;;;5142;5270;129;2000;-;;
4224;4313;;;90;405;70;;5270;5294;23;INFINITY;3.240;;
4313;4368;;;55;TRANS;;;5294;5358;65;-2000;-;;
4368;4389;;;21;INFINITY;80;;5358;5493;135;INFINITY;0.000;;
4389;4421;;;32;TRANS;;;5493;5560;67;;-;;
4421;4501;;;79;1000;80;;5560;5582;22;INFINITY;-3.326;;
4501;4533;;;32;TRANS;;;5582;5622;40;2000;-;;
4533;4565;;;32;TRANS;;;5622;6009;387;INFINITY;-1.315;;
4565;4640;;;75;-1000;80;;6009;6061;52;2000;-;;
4640;4672;;;32;TRANS;;;6061;6656;595;INFINITY;1.276;;
4672;4702;;;30;INFINITY;80;;6656;6681;26;;-;;
4702;4722;;;20;TRANS;;;6681;7138;456;INFINITY;0.000;;
4722;4861;;;139;-805;60;;7138;7252;115;-2000;-;;
4861;4881;;;20;TRANS;;;7252;7284;32;INFINITY;-5.727;;
4881;4912;;;31;INFINITY;80;;7284;7399;115;2000;-;;
4912;4950;;;38;TRANS;;;7399;7498;99;INFINITY;0.000;;
4950;4971;;;21;-130;40;;7498;7641;142;-2000;-;;
4971;5009;;;38;TRANS;;;7641;7870;229;INFINITY;-7.122;;
5009;5060;;;50;INFINITY;80;;7870;8059;189;2000;-;;
5060;5104;;;44;TRANS;;;8059;8082;23;INFINITY;2.320;;
5104;5126;;;22;110;40;;8082;8128;46;-2000;-;;
5126;5170;;;44;TRANS;;;8128;8262;134;INFINITY;0.000;;
5170;5193;;;23;INFINITY;80;;8262;8325;62;-2000;-;;
5193;5237;;;44;TRANS;;;8325;8502;178;INFINITY;-3.108;;
5237;5315;;;78;-125;40;;8502;8535;32;2000;-;;
5315;5359;;;44;TRANS;;;8535;9024;489;INFINITY;-1.492;;
5359;;;;133;INFINITY;80;;9024;9106;82;1000;-;;
5389.0;5464.0;5278;2.2;;;;;9106;9124;19;INFINITY;6.689;;
;5492;;;;;80;;9124;9358;234;-2000;-;;
5492;5534;;;42;TRANS;;;9358;9547;190;INFINITY;-4.992;;
5534;5596;;;63;805;80;;9547;9647;100;2000;-;;
5596;5638;;;42;TRANS;;;9647;10219;571;INFINITY;0.000;;
5638;6321;;;682;INFINITY;80;;10219;10248;30;-2000;-;;
6321;6363;;;42;TRANS;;;10248;10390;141;INFINITY;-1.496;;
6363;6480;;;117;805;80;;10390;10412;23;;-;;
6480;6522;;;42;TRANS;;;10412;10600;188;INFINITY;-0.369;;
6522;6670;;;148;INFINITY;80;;10600;10723;123;2000;-;;
6670;6715;;;45;TRANS;;;10723;11001;278;INFINITY;5.784;;
6715;6784;;;69;705;80;;11001;11116;116;-2000;-;;
6784;6829;;;45;TRANS;;;11116;11166;49;INFINITY;0.000;;
6829;;;;274;INFINITY;80;;11166;11171;6;;-;;
7049.0;7124.0;6938;2.3;;;;;11171;11826;655;INFINITY;-0.286;;
;7103;;;;;80;;11826;11890;64;-2000;-;;
7103;7422;;;319;4000;;;11890;12113;223;INFINITY;-3.466;;
7422;7532;;;110;INFINITY;80;;12113;12182;69;2000;-;;
7532;7557;;;25;TRANS;;;12182;12383;202;INFINITY;0.000;;
7557;7701;;;144;-1500;80;;12383;12491;108;-2000;-;;
7701;7726;;;25;TRANS;;;12491;12523;32;INFINITY;-5.378;;
7726;7940;;;214;INFINITY;80;;12523;12794;270;2500;-;;
7940;7965;;;25;TRANS;;;12794;12931;138;INFINITY;5.436;;
7965;8112;;;147;-1505;80;;12931;12952;21;;-;;
8112;8137;;;25;TRANS;;;12952;13201;249;INFINITY;4.391;;
8137;;;;263;INFINITY;80;;13201;13284;83;2000;-;;
8157.0;8232.0;8046;2.4;;;;;13284;13312;28;INFINITY;8.559;;
;8400;;;;;80;;13312;13483;171;-2000;-;;
8400;8425;;;25;TRANS;;;13483;14029;546;INFINITY;0.000;;
8425;8477;;;52;-1505;80;;14029;14100;71;2000;-;;
8477;8502;;;25;TRANS;;;14100;14293;193;INFINITY;3.526;;
8502;8637;;;135;INFINITY;80;;14293;14363;71;-2000;-;;
8637;8681;;;44;TRANS;;;14363;14499;135;INFINITY;0.000;;
8681;8743;;;62;135;50;;14499;14556;57;-2000;-;;
8743;8787;;;44;TRANS;;;14556;14581;26;INFINITY;-2.833;;
8787;8812;;;25;TRANS;;;14581;14714;133;2000;-;;
8812;8982;;;170;-405;55;;14714;15245;531;INFINITY;3.818;;
8982;9007;;;25;TRANS;;;15245;15356;111;-2000;-;;
9007;9103;;;95;INFINITY;80;;15356;15812;456;INFINITY;-1.731;;
9103;9128;;;25;TRANS;;;15812;15913;101;2000;-;;
9128;9343;;;216;505;60;;15913;15957;44;INFINITY;3.311;;
9343;9368;;;25;TRANS;;;15957;16023;66;-2000;-;;
9368;9393;;;25;TRANS;;;16023;16158;135;INFINITY;0.000;;
9393;9491;;;98;-505;60;;16158;16262;103;-2000;-;;
9491;9516;;;25;TRANS;;;16262;16428;166;INFINITY;-5.151;;
9516;9702;;;186;INFINITY;80;;16428;16475;47;2000;-;;
9702;9728;;;26;TRANS;;;16475;16964;489;INFINITY;-2.780;;
9728;9912;;;184;-305;50;;16964;17020;56;2000;-;;
9912;9938;;;26;TRANS;;;17020;17599;579;INFINITY;0.000;;
9938;;;;161;INFINITY;80;;17599;17714;115;-2000;-;;
9958.0;10033.0;9847;IC3;;;;;17714;17737;23;INFINITY;-5.742;;
;10099;;;;;80;;17737;17864;126;2000;-;;
10099;10119;;;20;TRANS;;;17864;18089;225;INFINITY;0.563;;
10119;10162;;;44;705;50;;18089;18174;85;2000;-;;
10162;10182;;;20;TRANS;;;18174;18424;249;INFINITY;4.835;;
10182;10246;;;64;INFINITY;80;;18424;18521;97;-2000;-;;
10246;10276;;;30;TRANS;;;18521;18860;340;INFINITY;0.000;;
10276;10373;;;98;255;50;;18860;18865;5;;-;;
10373;10403;;;30;TRANS;;;18865;19036;171;INFINITY;0.238;;
10403;10956;;;552;INFINITY;80;;19036;19213;177;4500;-;;
10956;10976;;;20;TRANS;;;19213;19492;279;INFINITY;4.171;;
10976;11434;;;458;805;50;;19492;19576;83;-2000;-;;
11434;11454;;;20;TRANS;;;19576;19711;135;INFINITY;0.000;;
11454;;;;160;INFINITY;80;;19711;19841;130;2000;-;;
11496.0;11571.0;11385;3.1;;;;;19841;19871;30;INFINITY;-6.501;;
;11614;;;;;80;;19871;20081;211;2000;-;;
11614;11660;;;46;TRANS;;;20081;20540;458;INFINITY;4.043;;
11660;11829;;;169;-175;50;;20540;20621;81;-2000;-;;
11829;11875;;;46;TRANS;;;20621;20756;135;INFINITY;0.000;;
11875;11895;;;20;INFINITY;80;;20756;20846;90;-2000;-;;
11895;11920;;;25;TRANS;;;20846;20875;30;INFINITY;-4.514;;
11920;11969;;;49;505;60;;20875;20979;104;2000;-;;
11969;11994;;;25;TRANS;;;20979;21263;284;INFINITY;0.667;;
11994;12160;;;166;INFINITY;80;;21263;21405;142;2000;-;;
12160;12182;;;22;TRANS;;;21405;21430;25;INFINITY;7.780;;
12182;12243;;;61;-1005;60;;21430;21586;156;-2000;-;;
12243;12263;;;20;TRANS;;;21586;21986;401;INFINITY;0.000;;
12263;;;;134;INFINITY;80;;21986;22048;61;-2000;-;;
12281.0;12356.0;12170;3.2;;;;;22048;22167;119;INFINITY;-3.056;;
;12397;;;;;80;;22167;22228;61;2000;-;;
12397;12419;;;22;TRANS;;;22228;22343;115;INFINITY;0.000;;
12419;12443;;;24;605;60;;22343;22484;141;2000;-;;
12443;12465;;;22;TRANS;;;22484;22729;246;INFINITY;7.059;;
12465;12571;;;105;INFINITY;80;;22729;22871;141;-2000;-;;
12571;12597;;;26;TRANS;;;22871;23046;175;INFINITY;0.000;;
12597;12740;;;143;-295;50;;23046;23136;90;-2000;-;;
12740;12766;;;26;TRANS;;;23136;23206;70;INFINITY;-4.500;;
12766;12984;;;218;INFINITY;80;;23206;23296;90;2000;-;;
12984;13004;;;20;TRANS;;;23296;23686;390;INFINITY;0.000;;
13004;13034;;;30;1500;80;;23686;23723;37;-2000;-;;
13034;13054;;;20;TRANS;;;23723;24292;569;INFINITY;-1.864;;
13054;13090;;;36;INFINITY;80;;24292;24329;37;2000;-;;
13090;13110;;;20;TRANS;;;24329;24725;396;INFINITY;0.000;;
13110;13188;;;79;-1500;80;;24725;24797;72;2000;-;;
13188;13208;;;20;TRANS;;;24797;24965;167;INFINITY;3.623;;
13208;13300;;;92;INFINITY;80;;24965;25028;63;-5000;-;;
13300;13360;;;60;TRANS;;;25028;25213;185;INFINITY;2.356;;
13360;13440;;;80;70;35;;25213;25261;47;-2000;-;;
13440;13500;;;60;TRANS;;;25261;25396;135;INFINITY;0.000;;
13500;;;;156;INFINITY;80;;25396;25471;75;-2000;-;;
13517.0;13592.0;13406;3.3;;;;;25471;25493;23;INFINITY;-3.764;;
;13656;;;;;80;;25493;25563;69;2000;-;;
13656;13696;;;40;TRANS;;;25563;25711;148;INFINITY;-0.300;;
13696;13748;;;53;-195;50;;25711;25731;20;;-;;
13748;13788;;;40;TRANS;;;25731;25857;127;INFINITY;0.000;;
13788;13853;;;65;TRANS;;;25857;25881;24;;-;;
13853;14068;;;215;450;80;;25881;26056;175;INFINITY;1.182;;
14068;14133;;;65;TRANS;;;26056;26080;24;;-;;
14133;14164;;;30;INFINITY;80;;26080;26481;401;INFINITY;0.000;;
14164;14190;;;26;TRANS;;;26481;26603;123;-2000;-;;
14190;14215;;;26;1250;80;;26603;26673;69;INFINITY;-6.138;;
14215;14241;;;26;TRANS;;;26673;26796;123;2000;-;;
14241;14275;;;34;INFINITY;80;;26796;27076;280;INFINITY;0.000;;
14275;14307;;;32;TRANS;;;27076;27173;98;-2000;-;;
14307;14343;;;36;-1005;80;;27173;27226;53;INFINITY;-4.884;;
14343;14375;;;32;TRANS;;;27226;27306;79;2000;-;;
14375;;;;126;INFINITY;80;;27306;27370;64;INFINITY;-0.930;;
14393.0;14468.0;14282;3.4;;;;;27370;27417;46;5000;-;;
;14502;;;;;80;;27417;27691;274;INFINITY;0.000;;
14502;14548;;;46;TRANS;;;27691;27811;120;-2000;-;;
14548;14573;;;25;295;60;;27811;27866;55;INFINITY;-6.000;;
14573;14619;;;46;TRANS;;;27866;27986;120;2000;-;;
14619;14654;;;35;INFINITY;80;;27986;28111;125;INFINITY;0.000;;
14654;14674;;;20;TRANS;;;28111;28185;74;2000;-;;
14674;14759;;;85;-2000;80;;28185;28226;41;INFINITY;3.719;;
14759;14779;;;20;TRANS;;;28226;28301;74;-2000;-;;
14779;14932;;;153;INFINITY;80;;28301;28436;135;INFINITY;0.000;;
14932;14971;;;39;TRANS;;;28436;28507;71;-2000;-;;
14971;15093;;;122;-800;80;;28507;28547;40;INFINITY;-3.549;;
15093;15132;;;39;TRANS;;;28547;28615;68;2000;-;;
15132;15169;;;38;INFINITY;80;;28615;29721;1106;INFINITY;-0.142;;
15169;15192;;;23;TRANS;;;29721;29781;61;2000;-;;
15192;15373;;;181;-1500;80;;29781;29828;46;INFINITY;2.896;;
15373;15393;;;20;TRANS;;;29828;29886;58;-2000;-;;
15393;15632;;;238;INFINITY;80;;29886;30026;140;INFINITY;0.000;;
15632;15652;;;20;TRANS;;;30026;30100;74;-2000;-;;
15652;15681;;;30;505;55;;30100;30141;41;INFINITY;-3.719;;
15681;15701;;;20;TRANS;;;30141;30216;74;2000;-;;
15701;15733;;;32;TRANS;;;30216;30601;385;INFINITY;0.000;;
15733;15772;;;38;-250;50;;30601;30734;133;2000;-;;
15772;15804;;;32;TRANS;;;30734;30809;75;INFINITY;6.667;;
15804;15949;;;145;INFINITY;80;;30809;30976;167;-2500;-;;
15949;15981;;;32;TRANS;;;30976;31297;547;INFINITY;0.000;;
15981;16006;;;25;-250;50;;;;;;;;
16006;16038;;;32;TRANS;;;;;;;;;
16038;;;;98;INFINITY;80;;;;;;;;
16053.0;16128.0;15942;3.5;;;;;;;;;;;
;16135;;;;;80;;;;;;;;
16135;16187;;;52;TRANS;;;;;;;;;
16187;16256;;;69;147.23;50;;;;;;;;
16256;16308;;;52;TRANS;;;;;;;;;
16308;16328;;;20;TRANS;;;;;;;;;
16328;16457;;;129;-625;50;;;;;;;;
16457;16473;;;16;TRANS;;;;;;;;;
16473;16510;;;37;TRANS;;;;;;;;;
16510;16787;;;277;275;50;;;;;;;;
16787;16815;;;28;TRANS;;;;;;;;;
16815;17027;;;212;INFINITY;80;;;;;;;;
17027;17061;;;34;TRANS;;;;;;;;;
17061;17104;;;44;192.771;50;;;;;;;;
17104;17139;;;34;TRANS;;;;;;;;;
17139;;;;113;INFINITY;80;;;;;;;;
17153.0;17228.0;17042;IC4;;;;;;;;;;;
;17251;;;;;80;;;;;;;;
17251;17301;;;50;TRANS;;;;;;;;;
17301;17372;;;71;-75;35;;;;;;;;
17372;17422;;;50;TRANS;;;;;;;;;
17422;17595;;;173;INFINITY;80;;;;;;;;
17595;17615;;;20;TRANS;;;;;;;;;
17615;17653;;;39;505;50;;;;;;;;
17653;17673;;;20;TRANS;;;;;;;;;
17673;;;;1548;INFINITY;80;;;;;;;;
18548.0;18623.0;18437;4.2;;;;;;;;;;;
;19221;;;;;80;;;;;;;;
19221;19286;;;65;TRANS;;;;;;;;;
19286;19449;;;162;-505;80;;;;;;;;
19449;19514;;;65;TRANS;;;;;;;;;
19514;;;;306;INFINITY;80;;;;;;;;
19604.0;19679.0;19493;4.3;;;;;;;;;;;
;19820;;;;;80;;;;;;;;
19820;19852;;;32;TRANS;;;;;;;;;
19852;19925;;;74;250;50;;;;;;;;
19925;19961;;;36;TRANS;;;;;;;;;
19961;20154;;;193;533.354;60;;;;;;;;
20154;20206;;;52;TRANS;;;;;;;;;
20206;20238;;;32;TRANS;;;;;;;;;
20238;20452;;;214;-800;70;;;;;;;;
20452;20472;;;20;TRANS;;;;;;;;;
20472;20609;;;137;-1019.561;70;;;;;;;;
20609;20629;;;20;TRANS;;;;;;;;;
20629;;;;164;-1505;80;;;;;;;;
20651.0;20726.0;20540;4.4;;;;;;;;;;;
;20793;;;;;80;;;;;;;;
20793;20818;;;25;TRANS;;;;;;;;;
20818;20998;;;180;INFINITY;80;;;;;;;;
20998;21023;;;25;TRANS;;;;;;;;;
21023;21149;;;126;-1505;80;;;;;;;;
21149;21174;;;25;TRANS;;;;;;;;;
21174;21353;;;179;INFINITY;80;;;;;;;;
21353;21404;;;51;TRANS;;;;;;;;;
21404;21546;;;142;605;80;;;;;;;;
21546;21597;;;51;TRANS;;;;;;;;;
21597;;;;156;INFINITY;80;;;;;;;;
21616.0;21691.0;21505;4.5;;;;;;;;;;;
;21753;;;;;80;;;;;;;;
21753;21805;;;52;TRANS;;;;;;;;;
21805;21862;;;57;-70;35;;;;;;;;
21862;21914;;;52;TRANS;;;;;;;;;
21914;22102;;;188;INFINITY;80;;;;;;;;
22102;22162;;;60;TRANS;;;;;;;;;
22162;22183;;;21;55;30;;;;;;;;
22183;22243;;;60;TRANS;;;;;;;;;
22243;22502;;;258;INFINITY;80;;;;;;;;
22502;22550;;;48;TRANS;;;;;;;;;
22550;22577;;;27;655;80;;;;;;;;
22577;22625;;;48;TRANS;;;;;;;;;
22625;22675;;;50;INFINITY;80;;;;;;;;
22675;22740;;;65;TRANS;;;;;;;;;
22740;22787;;;47;-505;80;;;;;;;;
22787;22852;;;65;TRANS;;;;;;;;;
22852;;;;361;INFINITY;80;;;;;;;;
22931.0;23006.0;22820;IC5;;;;;;;;;;;
;23213;;;;;80;;;;;;;;
23213;23273;;;60;TRANS;;;;;;;;;
23273;23455;;;182;315;50;;;;;;;;
23455;23515;;;60;TRANS;;;;;;;;;
23515;23575;;;60;TRANS;;;;;;;;;
23575;23728;;;154;-312;50;;;;;;;;
23728;23788;;;60;TRANS;;;;;;;;;
23788;24248;;;460;INFINITY;80;;;;;;;;
24248;24268;;;20;TRANS;;;;;;;;;
24268;24634;;;365;2000;80;;;;;;;;
24634;24654;;;20;TRANS;;;;;;;;;
24654;24896;;;243;INFINITY;80;;;;;;;;
24896;24942;;;46;TRANS;;;;;;;;;
24942;25078;;;136;175;50;;;;;;;;
25078;25124;;;46;TRANS;;;;;;;;;
25124;;;;513;INFINITY;50;;;;;;;;
25289.0;25364.0;25178;5.1;;;;;;;;;;;
;25637;;;;;50;;;;;;;;
25637;25661;;;24;TRANS;;;;;;;;;
25661;25866;;;205;-355;50;;;;;;;;
25866;25890;;;24;TRANS;;;;;;;;;
25890;25944;;;54;TRANS;;;;;;;;;
25944;26173;;;230;175;50;;;;;;;;
26173;26227;;;54;TRANS;;;;;;;;;
26227;;;;503;INFINITY;80;;;;;;;;
26374.0;26449.0;26263;5.2;;;;;;;;;;;
;26730;;;;;80;;;;;;;;
26730;26784;;;54;TRANS;;;;;;;;;
26784;26881;;;97;-150;50;;;;;;;;
26881;26935;;;54;TRANS;;;;;;;;;
26935;27209;;;274;INFINITY;80;;;;;;;;
27209;27263;;;54;TRANS;;;;;;;;;
27263;27307;;;43;-150;50;;;;;;;;
27307;27361;;;54;TRANS;;;;;;;;;
27361;27676;;;315;INFINITY;80;;;;;;;;
27676;27754;;;78;TRANS;;;;;;;;;
27754;27789;;;35;205;50;;;;;;;;
27789;27867;;;78;TRANS;;;;;;;;;
27867;;;;1382;INFINITY;80;;;;;;;;
28332.0;28407.0;28221;5.3;;;;;;;;;;;
;29249;;;;;80;;;;;;;;
29249;29281;;;32;TRANS;;;;;;;;;
29281;29438;;;157;250;50;;;;;;;;
29438;29470;;;32;TRANS;;;;;;;;;
29470;29756;;;286;INFINITY;80;;;;;;;;
29756;29776;;;20;TRANS;;;;;;;;;
29776;29868;;;92;-1000;50;;;;;;;;
29868;29888;;;20;TRANS;;;;;;;;;
29888;;;;125;INFINITY;80;;;;;;;;
29918.0;29993.0;29807;5.4;;;;;;;;;;;
;30013;;;;;80;;;;;;;;
30013;30033;;;20;TRANS;;;;;;;;;
30033;30214;;;181;-505;50;;;;;;;;
30214;30234;;;20;TRANS;;;;;;;;;
30234;30390;;;156;INFINITY;80;;;;;;;;
30390;30428;;;38;TRANS;;;;;;;;;
30428;30473;;;44;-205;50;;;;;;;;
30473;30511;;;38;TRANS;;;;;;;;;
30511;30577;;;66;INFINITY;80;;;;;;;;
30577;30629;;;52;TRANS;;;;;;;;;
30629;30698;;;69;-100;40;;;;;;;;
30698;30750;;;52;TRANS;;;;;;;;;
30750;30864;;;114;INFINITY;80;;;;;;;;
30864;30904;;;40;TRANS;;;;;;;;;
30904;30982;;;78;70.12;30;;;;;;;;
30982;31022;;;40;TRANS;;;;;;;;;
31022;;;;500;INFINITY;80;;;;;;;;
31072.0;31147.0;30961;IC6;;;;;;;;;;;
;31297;;T1.2;;;80;;;;;;;;
;;;;;;;;;;;;;;
